Theoretical Initial length: 1000	n= 500	g = 0.2
Basis: 00100010001010011100110001111101011001000100110010100011111110011111110111110001110110001110110010011111111000000101100000010110010011100111111100110101010010000010001101111100000110100111111010001111000010101110110101111101000000000100111010000110001110000000100100111110110110000100011110001001011111100000101001110111011101101110111110011000000110110000110000011010100111111110000100011011100001010111011001110000000101100000001001000001100100110110001101100101101100101101101100101010100000000101
alice_key: 11100011011100101000011101011011001100110101101000011110101101011000010001101010001011101101000010101110011111000011000011000101001111000001100110001010011001011100101110011000101110011010110100101101100100101000111000011001111011101110001110101100011001100100001000100011000110110110000010110101111001100001100110100110111110111100100001001010111110001101101001111111000100000111001111001000111001100010011011001000001011000101011110100100000001101010010100000010100011111001011111111101011101111110
backend  : ibm_brisbane
bob_key  : 11101011001100101001111101011111000100111101101010111110111101001000010000101010001011100111010010101111010111011011011001000101000011001001000110001101000101010100001110011000101110110011111110101101100100001110111100011001101001110100000100101110010001100100111100100011100100110110001111100001101001100001100010000110110100111100100001000010011110001101001001011111100001100011010111001000011101110011011011001000001011010100011010110100000001101110011101111010110111111011111011110101001101111110
size: 167	QBER: 0.197604790
alice_key after comparing subsets: 001101001101101111011010011001000010001101010001101000110110001100110001100101000010011001110011100100011001101100010110110010101000110010011111100111100101101000010001100110110000101100100011001010110111010000001001111001111010011110000011100111110011101100011011001000010110001011110100100000101000101001010001111001111111010111110
bob_key after comparing subsets: 100101011101110111111010011101000010000101010001101100111010101101010000101001000101000101110011100100011010111111010110110010001110110010011010100010100001101001110001110100110011001100100011001000100111010000000000111001110010001110010001101011110001101110011011001000010110101011010110100000101100111111011011111011101111010111110
# errors (unknown by them): 66
final lenght: 333
final_alice_key: 001101001101101111011010011001000010001101010001101000110110001100110001100101000010011001110011100100011001101100010110110010101000110010011111100111100101101000010001100110110000101100100011001010110111010000001001111001111010011110000011100111110011101100011011001000010110001011110100100000101000101001010001111001111111010111110
final_bob_key  : 001101001101101111011010011001000010001101010001101000110110001100110001100101000010011001110011100100011001101100010110110010101000110010011111100111100101101000010001100110110000101100100011001010110111010000001001111001111010011110000011100111110011101100011011001000010110001011110100100000101000101001010001111001111111010111110
# errors final key (unknown by them): 0
leaked info: 353
indices subset: [108, 484, 96, 215, 90, 475, 185, 2, 322, 330, 265, 172, 391, 246, 319, 176, 274, 417, 439, 492, 485, 25, 386, 446, 5, 121, 456, 342, 297, 311, 395, 289, 349, 132, 291, 107, 461, 249, 264, 160, 225, 165, 63, 58, 387, 142, 137, 315, 95, 92, 214, 139, 99, 321, 118, 30, 227, 318, 320, 12, 130, 127, 489, 245, 288, 284, 354, 3, 450, 44, 134, 33, 337, 497, 183, 236, 427, 266, 11, 24, 493, 369, 85, 50, 476, 105, 0, 31, 144, 255, 82, 367, 348, 18, 124, 231, 21, 55, 471, 361, 122, 102, 403, 458, 16, 366, 59, 164, 104, 368, 119, 191, 52, 68, 247, 323, 226, 19, 326, 302, 15, 204, 123, 234, 296, 280, 42, 219, 304, 148, 88, 6, 292, 37, 54, 64, 373, 1, 401, 441, 101, 216, 7, 158, 290, 494, 282, 457, 111, 48, 402, 174, 179, 279, 36, 230, 263, 371, 79, 252, 32, 426, 244, 51, 241, 138, 91]
